PISTOL EXP,2016,57403624 D. GEORGE REFINISHING, INC 4202 SANTIAGO STREET #5 AUSTIN TX 9
PISTOLS MFG,2016,57403624 D. GEORGE REFINISHING, INC 4202 SANTIAGO STREET #5 AUSTIN TX 9
RIFLE EXP,2016,57403624 D. GEORGE REFINISHING, INC 4202 SANTIAGO STREET #5 AUSTIN TX 9
RIFLE MFG,2016,57403624 D. GEORGE REFINISHING, INC 4202 SANTIAGO STREET #5 AUSTIN TX 9
RVLR EXP,2016,57403624 D. GEORGE REFINISHING, INC 4202 SANTIAGO STREET #5 AUSTIN TX 9
RVLR MFG,2016,57403624 D. GEORGE REFINISHING, INC 4202 SANTIAGO STREET #5 AUSTIN TX 9
SHOTGUN EXP,2016,57403624 D. GEORGE REFINISHING, INC 4202 SANTIAGO STREET #5 AUSTIN TX 9
SHOTGUN MFG,2016,57403624 D. GEORGE REFINISHING, INC 4202 SANTIAGO STREET #5 AUSTIN TX 9
