Key,Value
2345 WASHINGTON BLVD,STREET
